9 0.725666 0.633380 0.072539 0.030700
20 0.369079 0.386320 0.169087 0.025780
26 0.319768 0.623280 0.213901 0.018580
15 0.316014 0.569945 0.103824 0.016970
16 0.340410 0.777615 0.145093 0.031510
12 0.342283 0.756200 0.106331 0.024240
11 0.325395 0.731960 0.107570 0.022620
24 0.636873 0.749700 0.227616 0.100200
10 0.309141 0.689540 0.057539 0.020200
3 0.333181 0.452740 0.225557 0.031220
2 0.329427 0.431230 0.220186 0.015960
1 0.331571 0.325070 0.207291 0.047880
0 0.336788 0.292875 0.222276 0.018750
