1 0.490267 0.712700 0.728800 0.080600
15 0.446307 0.843230 0.169573 0.031060
14 0.493560 0.821880 0.533307 0.036880
13 0.407480 0.794700 0.443973 0.033000
0 0.611347 0.664130 0.222640 0.020380
3 0.508440 0.614610 0.684720 0.024260
2 0.642413 0.601510 0.251120 0.019420
27 0.503907 0.549570 0.740400 0.098060
25 0.736387 0.325160 0.172933 0.137240
10 0.521227 0.249760 0.088480 0.025640
9 0.531280 0.219600 0.100533 0.040720
12 0.547373 0.185670 0.132720 0.027140
11 0.534293 0.157010 0.114613 0.039220
17 0.538320 0.129860 0.126667 0.021120
8 0.633827 0.065020 0.333787 0.030160
