17 0.495967 0.185555 0.116220 0.016210
25 0.680714 0.395180 0.165565 0.109780
10 0.476778 0.306395 0.084420 0.020630
9 0.478966 0.282815 0.086622 0.017690
9 0.476771 0.263290 0.082232 0.019900
12 0.505283 0.243410 0.137054 0.022820
11 0.493222 0.203605 0.121711 0.016950
8 0.600677 0.135450 0.321265 0.023580
13 0.256391 0.788275 0.349777 0.026530
14 0.432917 0.815910 0.518631 0.033160
15 0.377545 0.835435 0.188601 0.020630
1 0.438400 0.712015 0.766414 0.083270
0 0.558460 0.675540 0.280699 0.023580
3 0.452113 0.634280 0.697351 0.028000
2 0.640707 0.618805 0.331116 0.026530
27 0.452656 0.540335 0.751086 0.152530
