14 0.249492 0.658894 0.378501 0.019112
6 0.232710 0.680181 0.053247 0.018238
11 0.386657 0.565925 0.092598 0.017375
9 0.192777 0.550722 0.028934 0.014769
24 0.750937 0.657303 0.270150 0.083869
10 0.153418 0.531169 0.089134 0.017375
25 0.658385 0.516481 0.081715 0.060088
8 0.657773 0.744116 0.029817 0.013619
8 0.823709 0.735844 0.132231 0.063250
15 0.660037 0.729031 0.117327 0.013625
0 0.404600 0.497284 0.160891 0.017381
13 0.392444 0.630222 0.206037 0.039969
1 0.257019 0.516834 0.393555 0.016506
