2 0.268139 0.340316 0.231932 0.043519
3 0.283813 0.373253 0.263281 0.041169
15 0.272843 0.436188 0.122240 0.025875
9 0.397431 0.517944 0.123805 0.048225
10 0.422506 0.555584 0.089326 0.027056
11 0.385679 0.595972 0.123447 0.020019
12 0.382244 0.608553 0.118110 0.022306
16 0.361669 0.622281 0.076961 0.021163
14 0.390246 0.453831 0.368818 0.017163
24 0.240520 0.760584 0.221707 0.122131
20 0.516532 0.279147 0.089334 0.027056
8 0.498514 0.195034 0.225670 0.115281
7 0.264221 0.191509 0.186495 0.049406
