13 0.522244 0.708734 0.107602 0.017306
10 0.524376 0.684053 0.070883 0.016669
11 0.509434 0.651362 0.100766 0.017950
12 0.509858 0.668028 0.101615 0.014106
0 0.488081 0.580209 0.100774 0.010256
1 0.429588 0.588863 0.159692 0.010900
27 0.461182 0.524122 0.219467 0.062181
1 0.398838 0.598478 0.086253 0.010894
2 0.491507 0.560656 0.146878 0.010937
3 0.458618 0.568669 0.209226 0.008975
16 0.509434 0.638219 0.100766 0.016025
15 0.406099 0.706813 0.073447 0.016025
14 0.531640 0.725706 0.119567 0.015413
