9 0.737144 0.606878 0.043114 0.025894
15 0.275108 0.690013 0.141657 0.011238
3 0.281095 0.613634 0.205504 0.027706
2 0.327477 0.592666 0.094771 0.011231
1 0.281091 0.613631 0.213489 0.030700
0 0.328976 0.594541 0.091774 0.011981
19 0.728959 0.570847 0.132273 0.013419
24 0.907356 0.629884 0.104388 0.123981
16 0.803322 0.645716 0.087943 0.015031
8 0.781869 0.584800 0.178043 0.015562
11 0.805108 0.660475 0.094380 0.016637
10 0.826561 0.629613 0.048626 0.015025
12 0.798672 0.676309 0.107252 0.020394
