10 0.507540 0.503225 0.147419 0.015825
20 0.227602 0.510322 0.081332 0.010356
15 0.278797 0.538394 0.082057 0.011987
20 0.233047 0.456903 0.063181 0.010356
11 0.499913 0.461534 0.124904 0.013081
12 0.499188 0.474619 0.111832 0.016350
9 0.499188 0.538122 0.042123 0.020169
16 0.490837 0.490700 0.096578 0.013625
27 0.490841 0.572187 0.112556 0.009813
26 0.433834 0.584728 0.178643 0.013081
24 0.678555 0.557200 0.161207 0.058325
0 0.224330 0.481434 0.111107 0.010356
1 0.253376 0.496422 0.170649 0.019619
