16 0.456195 0.260256 0.181082 0.018538
7 0.418734 0.296687 0.102948 0.042025
8 0.559613 0.301431 0.171582 0.032538
8 0.415125 0.295334 0.099342 0.042031
26 0.404967 0.701863 0.111199 0.030650
9 0.548281 0.723388 0.041657 0.018900
15 0.567410 0.686213 0.092073 0.021513
13 0.519201 0.659478 0.110325 0.013694
14 0.546561 0.669913 0.158102 0.016300
2 0.589126 0.610247 0.090341 0.014344
1 0.554817 0.560694 0.160708 0.031300
0 0.563068 0.540806 0.135512 0.012388
24 0.408876 0.611553 0.106844 0.153881
6 0.449267 0.517656 0.057336 0.013037
27 0.503564 0.493856 0.270158 0.041075
10 0.522731 0.250991 0.094654 0.018531
12 0.633164 0.263347 0.093289 0.010294
11 0.644825 0.256138 0.111116 0.014413
