15 0.420941 0.552853 0.154105 0.030144
8 0.517423 0.121578 0.223489 0.024294
7 0.520462 0.102225 0.134496 0.025050
24 0.342956 0.642941 0.070974 0.103756
3 0.486320 0.483800 0.342764 0.049075
0 0.492856 0.614897 0.077519 0.014019
1 0.490054 0.629269 0.219475 0.027338
9 0.576445 0.686403 0.084063 0.029444
10 0.482115 0.724963 0.074721 0.026637
2 0.490520 0.456459 0.155029 0.028044
11 0.501728 0.787356 0.057910 0.022438
12 0.498455 0.808038 0.060708 0.018925
16 0.523210 0.768775 0.149434 0.024537
